(ST-99-25) Population Estimates for States by Race and Hispanic Origin:  July 1, 1992
  
Source:  Population Estimates Program, Population Division, U.S. Census Bureau, Washington, DC  20233
Contact:  Statistical Information Staff, Population Division, U.S. Census Bureau (301-457-2422)
          pop@census.gov (please include a phone number with email correspondence)
  
Internet Release Date:  August 30, 2000

                                                                             Total                    
                           Total     Total     White     White     Total  American     Total     Total
                                     White  Hispanic      non-     Black  Indian &   Asian &  Hispanic
                                                      Hispanic              Alaska   Pacific          
Area                                                                        Native  Islander          
                                                                                                      
UNITED STATES          255029699 212873562  22147222 190726340  31682760   2149488   8323889  24282670
NORTHEAST               51078292  43355650   3176038  40179612   6050642    136977   1535023   3986527
   NEW ENGLAND          13187671  12194199    507192  11687007    693125     34797    265550    606388
   MIDDLE ATLANTIC      37890621  31161451   2668846  28492605   5357517    102180   1269473   3380139
MIDWEST                 60711099  53533098   1713422  51819676   5949887    359125    868989   1867246
   EAST NORTH CENTRAL   42766414  36953131   1426399  35526732   5008656    160551    644076   1545787
   WEST NORTH CENTRAL   17944685  16579967    287023  16292944    941231    198574    224913    321459
SOUTH                   88101757  69597866   6986243  62611623  16593241    596020   1314630   7385018
   SOUTH ATLANTIC       45062338  34719715   2152352  32567363   9417909    186489    738225   2356844
   EAST SOUTH CENTRAL   15519819  12310924     85335  12225589   3073903     41089     93903    103681
   WEST SOUTH CENTRAL   27519600  22567227   4748556  17818671   4101429    368442    482502   4924493
WEST                    55138551  46386948  10271519  36115429   3088990   1057366   4605247  11043879
   MOUNTAIN             14412687  13195817   2061058  11134759    426581    530781    259508   2180449
   PACIFIC              40725864  33191131   8210461  24980670   2662409    526585   4345739   8863430
ALABAMA                  4139269   3045198     21812   3023386   1054061     16117     23893     26463
ALASKA                    587073    449062     15445    433617     24529     90867     22615     19521
ARIZONA                  3867333   3447297    716726   2730571    126518    226476     67042    764013
ARKANSAS                 2394098   1983584     20107   1963477    383850     13151     13513     23067
CALIFORNIA              30875920  24914545   7822310  17092235   2388925    295092   3277358   8379039
COLORADO                 3459995   3211369    432060   2779309    146737     32539     69350    456680
CONNECTICUT              3274997   2919729    201133   2718596    288537      7253     59478    226582
DELAWARE                  690158    555470     14691    540779    121443      2271     10974     17570
DISTRICT OF COLUMBIA      584183    182210     26240    155970    385522      1598     14853     33866
FLORIDA                 13504775  11363748   1622866   9740882   1913846     42568    184613   1726042
GEORGIA                  6759474   4796783    109936   4686847   1856014     14600     92077    129184
HAWAII                   1149926    391923     37362    354561     32728      5922    719353     86832
IDAHO                    1066490   1035909     57399    978510      4611     15261     10709     61717
ILLINOIS                11635197   9533419    913863   8619556   1754416     25076    322286    974217
INDIANA                  5648649   5143360     97247   5046113    450197     13395     41697    105739
IOWA                     2806923   2718568     34044   2684524     51199      7949     29207     37210
KANSAS                   2526042   2316459     93702   2222757    150337     23267     35979    103216
KENTUCKY                 3756358   3459946     19954   3439992    270868      5692     19852     23391
LOUISIANA                4270849   2872180     86264   2785916   1333604     18966     46099    100331
MAINE                    1235748   1216879      6472   1210407      5356      6029      7484      7115
MARYLAND                 4902545   3473147    115348   3357799   1257891     13861    157646    139705
MASSACHUSETTS            5993474   5469891    244955   5224936    345446     13464    164673    306256
MICHIGAN                 9470323   7956896    190799   7766097   1338044     58362    117021    214916
MINNESOTA                4471503   4221976     51515   4170461    105930     53505     90092     60022
MISSISSIPPI              2610193   1649095     12706   1636389    938196      8758     14144     17057
MISSOURI                 5193686   4560035     58437   4501598    566373     20275     47003     65793
MONTANA                   822436    765239     10941    754298      2557     49983      4657     13045
NEBRASKA                 1602406   1514613     40663   1473950     59784     13287     14722     44244
NEVADA                   1330694   1166525    137658   1028867     92583     23733     47853    150768
NEW HAMPSHIRE            1112766   1093680     11021   1082659      6830      2122     10134     12016
NEW JERSEY               7827770   6381372    702654   5678718   1111959     17343    317096    808659
NEW MEXICO               1580750   1380918    593434    787484     36027    146024     17781    613490
NEW YORK                18082032  14103656   1754727  12348929   3113935     68942    795499   2319033
NORTH CAROLINA           6831850   5170262     73576   5096686   1515958     83935     61695     89357
NORTH DAKOTA              635427    600497      4334    596163      3742     26991      4197      5152
OHIO                    11007609   9679284    133103   9546181   1204866     21441    102018    149340
OKLAHOMA                 3204174   2664049     76639   2587410    245144    258176     36805     94748
OREGON                   2973934   2800766    119240   2681526     50841     42169     80158    130459
PENNSYLVANIA            11980819  10676423    211465  10464958   1131623     15895    156878    252447
RHODE ISLAND             1000571    931419     39987    891432     44696      4373     20083     50537
SOUTH CAROLINA           3600576   2487598     27686   2459912   1079985      8396     24597     34688
SOUTH DAKOTA              708698    647819      4328    643491      3866     53300      3713      5822
TENNESSEE                5013999   4156685     30863   4125822    810778     10522     36014     36770
TEXAS                   17650479  15047414   4565546  10481868   2138831     78149    386085   4706347
UTAH                     1821498   1742480     87819   1654661     13567     26499     38952     94026
VERMONT                   570115    562601      3624    558977      2260      1556      3698      3882
VIRGINIA                 6383315   4952150    153868   4798282   1230919     16675    183571    177481
WASHINGTON               5139011   4634835    216104   4418731    165386     92535    246255    247579
WEST VIRGINIA            1805462   1738347      8141   1730206     56331      2585      8199      8951
WISCONSIN                5004636   4640172     91387   4548785    261133     42277     61054    101575
WYOMING                   463491    446080     25021    421059      3981     10266      3164     26710
 
 
Note:  Hispanics can be of any race.
  
An explanation of the race and Hispanic origin categories used in this table can be found at
www.census.gov/population/estimates/rho.txt
