(ST-99-28) Population Estimates for States by Race and Hispanic Origin:  July 1, 1995
  
Source:  Population Estimates Program, Population Division, U.S. Census Bureau, Washington, DC  20233
Contact:  Statistical Information Staff, Population Division, U.S. Census Bureau (301-457-2422)
          pop@census.gov (please include a phone number with email correspondence)
  
Internet Release Date:  August 30, 2000

                                                                             Total                    
                           Total     Total     White     White     Total  American     Total     Total
                                     White  Hispanic      non-     Black  Indian &   Asian &  Hispanic
                                                      Hispanic              Alaska   Pacific          
Area                                                                        Native  Islander          
                                                                                                      
UNITED STATES          262803276 218023351  24695773 193327578  33116449   2255675   9407801  27107044
NORTHEAST               51443931  43333785   3450120  39883665   6210357    145813   1753976   4334714
   NEW ENGLAND          13282700  12214828    556243  11658585    724216     35937    307719    667870
   MIDDLE ATLANTIC      38161231  31118957   2893877  28225080   5486141    109876   1446257   3666844
MIDWEST                 61991920  54432753   1934541  52498212   6191221    372338    995608   2113948
   EAST NORTH CENTRAL   43629122  37530834   1594086  35936748   5200013    166104    732171   1731989
   WEST NORTH CENTRAL   18362798  16901919    340455  16561464    991208    206234    263437    381959
SOUTH                   91777714  72056700   7887058  64169642  17523260    625725   1572029   8373920
   SOUTH ATLANTIC       46974427  35884342   2484468  33399874  10000764    204985    884336   2730265
   EAST SOUTH CENTRAL   16049935  12686906    106363  12580543   3208762     42233    112034    126652
   WEST SOUTH CENTRAL   28753352  23485452   5296227  18189225   4313734    378507    575659   5517003
WEST                    57589711  48200113  11424054  36776059   3191611   1111799   5086188  12284462
   MOUNTAIN             15741906  14364534   2355360  12009174    489999    568847    318526   2507427
   PACIFIC              41847805  33835579   9068694  24766885   2701612    542952   4767662   9777035
ALABAMA                  4262731   3121188     27825   3093363   1099103     15482     26958     33042
ALASKA                    601345    458406     17368    441038     23652     94304     24983     21431
ARIZONA                  4306908   3828975    839217   2989758    148476    245715     83742    898165
ARKANSAS                 2480121   2053668     30315   2023353    397099     12976     16378     34401
CALIFORNIA              31493525  25167222   8593588  16573634   2405503    300942   3619858   9201069
COLORADO                 3738061   3461008    483316   2977692    159531     34783     82739    513778
CONNECTICUT              3265293   2893364    217261   2676103    294597      7644     69688    245104
DELAWARE                  718265    570294     18139    552155    132608      2402     12961     21416
DISTRICT OF COLUMBIA      551273    179023     29274    149749    354876      1691     15683     36802
FLORIDA                 14185403  11819025   1832069   9986956   2088837     49949    227592   1964534
GEORGIA                  7188538   5038044    144933   4893111   2014369     16288    119837    167409
HAWAII                   1180490    396302     43930    352372     34816      6314    743058     90756
IDAHO                    1165000   1130545     70297   1060248      6331     15764     12360     75943
ILLINOIS                11884935   9684062   1022686   8661376   1811230     26120    363523   1093086
INDIANA                  5791819   5256781    111715   5145066    472449     13925     48664    122159
IOWA                     2840860   2744233     41973   2702260     54323      8310     33994     46227
KANSAS                   2586942   2369265    108635   2260630    152611     23500     41566    120008
KENTUCKY                 3855248   3548943     22858   3526085    277030      5835     23440     26689
LOUISIANA                4327978   2879562     92953   2786609   1377606     19277     51533    108234
MAINE                    1237438   1218267      7005   1211262      5305      5786      8080      7742
MARYLAND                 5023650   3485600    135153   3350447   1342978     15120    179952    161954
MASSACHUSETTS            6062335   5488587    268695   5219892    367293     14105    192350    338267
MICHIGAN                 9659871   8084037    208868   7875169   1381778     59156    134900    235357
MINNESOTA                4605445   4319601     61179   4258422    123112     56066    106666     70871
MISSISSIPPI              2690788   1689778     15010   1674768    974772      9411     16827     19161
MISSOURI                 5324610   4660312     65340   4594972    590551     20415     53332     73913
MONTANA                   868522    807318     12534    794784      3045     53089      5070     14822
NEBRASKA                 1635142   1538930     52957   1485973     63024     14371     18817     58112
NEVADA                   1525777   1324341    185348   1138993    111487     27126     62823    203849
NEW HAMPSHIRE            1145604   1124042     13496   1110546      7617      2185     11760     14826
NEW JERSEY               7965523   6415673    778837   5636836   1151273     20126    378451    900961
NEW MEXICO               1682417   1466177    633659    832518     41127    153261     21852    659809
NEW YORK                18150928  14010037   1879165  12130872   3177661     72919    890311   2484801
NORTH CAROLINA           7185403   5422339    100764   5321575   1593104     90797     79163    118966
NORTH DAKOTA              641548    604712      4951    599761      3581     28385      4870      5906
OHIO                    11155493   9763526    145464   9618062   1255808     22234    113925    163987
OKLAHOMA                 3265547   2716757     89600   2627157    249127    259535     40128    108515
OREGON                   3141421   2949018    150186   2798832     56384     43588     92431    164474
PENNSYLVANIA            12044780  10693247    235875  10457372   1157207     16831    177495    281082
RHODE ISLAND              989203    916609     45663    870946     46560      4689     21345     57488
SOUTH CAROLINA           3699943   2546568     32593   2513975   1115881      8732     28762     39728
SOUTH DAKOTA              728251    664866      5420    659446      4006     55187      4192      6922
TENNESSEE                5241168   4326997     40670   4286327    857857     11505     44809     47760
TEXAS                   18679706  15835465   5083359  10752106   2289902     86719    467620   5265853
UTAH                     1976774   1885746    105184   1780562     16037     28651     46340    113348
VERMONT                   582827    573959      4123    569836      2844      1528      4496      4443
VIRGINIA                 6601392   5071507    182765   4888742   1300462     17488    211935    209720
WASHINGTON               5431024   4864631    263622   4601009    181257     97804    287332    299305
WEST VIRGINIA            1820560   1751942      8778   1743164     57649      2518      8451      9736
WISCONSIN                5137004   4742428    105353   4637075    278748     44669     71159    117400
WYOMING                   478447    460424     25805    434619      3965     10458      3600     27713
 
 
Note:  Hispanics can be of any race.
  
An explanation of the race and Hispanic origin categories used in this table can be found at
www.census.gov/population/estimates/rho.txt
