(ST-99-30) Population Estimates for States by Race and Hispanic Origin:  July 1, 1997
  
Source:  Population Estimates Program, Population Division, U.S. Census Bureau, Washington, DC  20233
Contact:  Statistical Information Staff, Population Division, U.S. Census Bureau (301-457-2422)
          pop@census.gov (please include a phone number with email correspondence)
  
Internet Release Date:  August 30, 2000

                                                                             Total                    
                           Total     Total     White     White     Total  American     Total     Total
                                     White  Hispanic      non-     Black  Indian &   Asian &  Hispanic
                                                      Hispanic              Alaska   Pacific          
Area                                                                        Native  Islander          
                                                                                                      
UNITED STATES          267783607 221333438  26587293 194746145  33989243   2325820  10135106  29182493
NORTHEAST               51591325  43241165   3639059  39602106   6285380    150557   1914223   4564700
   NEW ENGLAND          13378075  12253513    595539  11657974    749399     37115    338048    715946
   MIDDLE ATLANTIC      38213250  30987652   3043520  27944132   5535981    113442   1576175   3848754
MIDWEST                 62675478  54898436   2112898  52785538   6312984    381736   1082322   2310283
   EAST NORTH CENTRAL   44082062  37827266   1727144  36100122   5289585    169624    795587   1878027
   WEST NORTH CENTRAL   18593416  17071170    385754  16685416   1023399    212112    286735    432256
SOUTH                   94176777  73665099   8570162  65094937  18108816    648720   1754142   9121169
   SOUTH ATLANTIC       48293338  36695242   2764933  33930309  10389024    218184    990888   3043476
   EAST SOUTH CENTRAL   16338356  12891402    125974  12765428   3281671     43093    122190    148309
   WEST SOUTH CENTRAL   29545083  24078455   5679255  18399200   4438121    387443    641064   5929384
WEST                    59340027  49528738  12265174  37263564   3282063   1144807   5384419  13186341
   MOUNTAIN             16476792  15000491   2573587  12426904    530111    589067    357123   2747859
   PACIFIC              42863235  34528247   9691587  24836660   2751952    555740   5027296  10438482
ALABAMA                  4320281   3156653     33515   3123138   1120528     15238     27862     39340
ALASKA                    608846    460809     18854    441955     23451     97739     26847     23122
ARIZONA                  4552207   4041234    921145   3120089    162464    254571     93938    987744
ARKANSAS                 2524007   2086535     39782   2046753    405889     13476     18107     44879
CALIFORNIA              32217708  25638910   9152550  16486360   2439991    306317   3832490   9794538
COLORADO                 3891293   3597605    522047   3075558    166898     35997     90793    556393
CONNECTICUT              3268514   2884674    231463   2653211    299326      8007     76507    261152
DELAWARE                  735024    577533     20623    556910    140719      2427     14345     24194
DISTRICT OF COLUMBIA      528752    178311     30347    147964    333277      1648     15516     37502
FLORIDA                 14683350  12155517   2002840  10152677   2215299     55616    256918   2156504
GEORGIA                  7486094   5205902    179289   5026613   2123943     17400    138849    205191
HAWAII                   1189322    395014     48987    346027     34902      6573    752833     94926
IDAHO                    1210638   1174126     78355   1095771      6747     16358     13407     84687
ILLINOIS                12011509   9760896   1105986   8654910   1833559     26875    390179   1182835
INDIANA                  5872370   5318439    125074   5193365    485986     14386     53559    137160
IOWA                     2854396   2754400     47864   2706536     55898      8527     35571     52776
KANSAS                   2616339   2395790    120561   2275229    152676     23402     44471    133192
KENTUCKY                 3907816   3593897     26308   3567589    282057      5995     25867     30539
LOUISIANA                4351390   2880276     97477   2782799   1397921     19456     53737    113514
MAINE                    1245215   1224950      7679   1217271      6006      5651      8608      8513
MARYLAND                 5092914   3482693    149830   3332863   1398738     15540    195943    178502
MASSACHUSETTS            6115476   5503788    286488   5217300    384540     14675    212473    361859
MICHIGAN                 9785450   8175396    226767   7948629   1398917     59651    151486    255345
MINNESOTA                4687726   4378614     70670   4307944    134151     57108    117853     81278
MISSISSIPPI              2731826   1709889     17424   1692465    993456      9835     18646     21723
MISSOURI                 5407113   4722080     72841   4649239    606306     20646     58081     82473
MONTANA                   878706    815718     12815    802903      3095     54726      5167     15152
NEBRASKA                 1656042   1554369     61650   1492719     65895     14736     21042     67741
NEVADA                   1675581   1446378    230574   1215804    124793     29572     74838    253623
NEW HAMPSHIRE            1173239   1149258     15343   1133915      8365      2276     13340     16894
NEW JERSEY               8054178   6434234    834256   5599978   1174140     21371    424433    966482
NEW MEXICO               1722939   1496285    658729    837556     44343    158218     24093    688387
NEW YORK                18143184  13908852   1953224  11955628   3199161     74809    960362   2577929
NORTH CAROLINA           7428672   5599002    126343   5472659   1641713     95517     92440    147240
NORTH DAKOTA              640945    602448      5755    596693      3762     29575      5160      6812
OHIO                    11212498   9782988    154234   9628754   1283382     22672    123456    174300
OKLAHOMA                 3314259   2754347    101625   2652722    255152    261963     42797    121736
OREGON                   3243254   3037970    171867   2866103     59266     44593    101425    188025
PENNSYLVANIA            12015888  10644566    256040  10388526   1162680     17262    191380    304343
RHODE ISLAND              986966    911608     49791    861817     48117      4951     22290     62387
SOUTH CAROLINA           3790066   2610344     38778   2571566   1137465      9247     33010     46490
SOUTH DAKOTA              730855    663469      6413    657056      4711     58118      4557      7984
TENNESSEE                5378433   4430963     48727   4382236    885630     12025     49815     56707
TEXAS                   19355427  16357297   5440371  10916926   2379159     92548    526423   5649255
UTAH                     2065397   1967466    123479   1843987     17850     29160     50921    133391
VERMONT                   588665    579235      4775    574460      3045      1555      4830      5141
VIRGINIA                 6732878   5139088    207764   4931324   1340267     18299    235224    237671
WASHINGTON               5604105   4995544    299329   4696215    194342    100518    313701    337871
WEST VIRGINIA            1815588   1746852      9119   1737733     57603      2490      8643     10182
WISCONSIN                5200235   4789547    115083   4674464    287741     46040     76907    128387
WYOMING                   480031    461679     26443    435236      3921     10465      3966     28482
 
 
Note:  Hispanics can be of any race.
  
An explanation of the race and Hispanic origin categories used in this table can be found at
www.census.gov/population/estimates/rho.txt
