(ST-99-26) Population Estimates for States by Race and Hispanic Origin:  July 1, 1993
  
Source:  Population Estimates Program, Population Division, U.S. Census Bureau, Washington, DC  20233
Contact:  Statistical Information Staff, Population Division, U.S. Census Bureau (301-457-2422)
          pop@census.gov (please include a phone number with email correspondence)
  
Internet Release Date:  August 30, 2000

                                                                             Total                    
                           Total     Total     White     White     Total  American     Total     Total
                                     White  Hispanic      non-     Black  Indian &   Asian &  Hispanic
                                                      Hispanic              Alaska   Pacific          
Area                                                                        Native  Islander          
                                                                                                      
UNITED STATES          257782608 214691304  22994382 191696922  32195083   2186643   8709578  25222209
NORTHEAST               51253425  43382753   3271642  40111111   6117214    140125   1613333   4108450
   NEW ENGLAND          13215512  12192581    523879  11668702    707045     35157    280729    627908
   MIDDLE ATLANTIC      38037913  31190172   2747763  28442409   5410169    104968   1332604   3480542
MIDWEST                 61176124  53864603   1781289  52083314   6038255    362725    910541   1943146
   EAST NORTH CENTRAL   43082892  37167586   1477410  35690176   5080007    162162    673137   1602455
   WEST NORTH CENTRAL   18093232  16697017    303879  16393138    958248    200563    237404    340691
SOUTH                   89329642  70408800   7266622  63142178  16911838    606643   1402361   7692683
   SOUTH ATLANTIC       45688915  35092605   2244658  32847947   9615998    193009    787303   2461026
   EAST SOUTH CENTRAL   15706642  12442261     91073  12351188   3122573     41575    100233    109773
   WEST SOUTH CENTRAL   27934085  22873934   4930891  17943043   4173267    372059    514825   5121884
WEST                    56023417  47035148  10674829  36360319   3127776   1077150   4783343  11477930
   MOUNTAIN             14835514  13568108   2151599  11416509    445028    544036    278342   2281346
   PACIFIC              41187903  33467040   8523230  24943810   2682748    533114   4505001   9196584
ALABAMA                  4193114   3080059     23486   3056573   1072027     15866     25162     28289
ALASKA                    596993    455210     16007    439203     26032     92166     23585     20026
ARIZONA                  3993390   3556145    755416   2800729    131789    233013     72443    806395
ARKANSAS                 2423743   2006854     22635   1984219    389442     12931     14516     25870
CALIFORNIA              31147208  25039674   8108626  16931048   2401557    297879   3408098   8684512
COLORADO                 3560884   3301371    449763   2851608    152138     33450     73925    476496
CONNECTICUT              3272325   2909770    207091   2702679    291980      7443     63132    233417
DELAWARE                  699475    560821     15674    545147    124836      2354     11464     18657
DISTRICT OF COLUMBIA      576358    181661     27706    153955    377492      1642     15563     35300
FLORIDA                 13713593  11500554   1679297   9821257   1969046     45073    198920   1791322
GEORGIA                  6894092   4870661    118705   4751956   1908027     15130    100274    138579
HAWAII                   1161508    393543     39623    353920     33124      6115    728726     88080
IDAHO                    1101204   1069109     61587   1007522      5362     15511     11222     66367
ILLINOIS                11725984   9586790    947943   8638847   1777245     25460    336489   1011435
INDIANA                  5701965   5186728    101209   5085519    457784     13520     43933    110245
IOWA                     2820525   2729095     36420   2692675     52377      8041     31012     39944
KANSAS                   2547605   2336243     98104   2238139    150939     23082     37341    108205
KENTUCKY                 3792288   3493589     21258   3472331    271803      5704     21192     24866
LOUISIANA                4284749   2869546     87398   2782148   1348575     18862     47766    101705
MAINE                    1238256   1219379      6509   1212870      5278      5971      7628      7176
MARYLAND                 4942504   3476216    122502   3353714   1285539     14300    166449    147631
MASSACHUSETTS            6010884   5467904    252069   5215835    354669     13663    174648    316642
MICHIGAN                 9529240   7995453    195801   7799652   1353563     58358    121866    220607
MINNESOTA                4521709   4260420     55117   4205303    111611     54369     95309     64147
MISSISSIPPI              2635574   1660897     12964   1647933    950324      9198     15155     17088
MISSOURI                 5237757   4592907     60496   4532411    575273     20281     49296     68224
MONTANA                   839876    781642     11258    770384      2781     50663      4790     13380
NEBRASKA                 1612149   1521852     44611   1477241     60398     13700     16199     48725
NEVADA                   1380197   1206120    148745   1057375     96948     24863     52266    163157
NEW HAMPSHIRE            1122191   1102328     12133   1090195      6985      2080     10798     13289
NEW JERSEY               7874891   6391781    729174   5662607   1126110     18208    338792    840807
NEW MEXICO               1614937   1409130    606374    802756     37861    148791     19155    628479
NEW YORK                18140894  14099456   1799722  12299734   3140597     70634    830207   2378692
NORTH CAROLINA           6947412   5250526     80645   5169881   1543305     86397     67184     96955
NORTH DAKOTA              637229    601885      4509    597376      3681     27231      4432      5358
OHIO                    11070385   9718247    137093   9581154   1224386     21714    106038    154080
OKLAHOMA                 3228829   2684608     80546   2604062    246847    259203     38171     98850
OREGON                   3034490   2855070    127877   2727193     52390     42594     84436    140042
PENNSYLVANIA            12022128  10698935    218867  10480068   1143462     16126    163605    261043
RHODE ISLAND              997852    927489     42092    885397     45352      4483     20528     53113
SOUTH CAROLINA           3634507   2506044     28873   2477171   1093974      8406     26083     35826
SOUTH DAKOTA              716258    654615      4622    649993      3969     53859      3815      6088
TENNESSEE                5085666   4207716     33365   4174351    828419     10807     38724     39530
TEXAS                   17996764  15312926   4740312  10572614   2188403     81063    414372   4895459
UTAH                     1875993   1793433     92995   1700438     14262     27135     41163     99832
VERMONT                   574004    565711      3985    561726      2781      1517      3995      4271
VIRGINIA                 6464795   4998205    163052   4835153   1256788     17044    192758    187692
WASHINGTON               5247704   4723543    231097   4492446    169645     94360    260156    263924
WEST VIRGINIA            1816179   1747917      8204   1739713     56991      2663      8608      9064
WISCONSIN                5055318   4680368     95364   4585004    267029     43110     64811    106088
WYOMING                   469033    451158     25461    425697      3887     10610      3378     27240
 
 
Note:  Hispanics can be of any race.
  
An explanation of the race and Hispanic origin categories used in this table can be found at
www.census.gov/population/estimates/rho.txt
