(ST-99-24) Population Estimates for States by Race and Hispanic Origin:  July 1, 1991
  
Source:  Population Estimates Program, Population Division, U.S. Census Bureau, Washington, DC  20233
Contact:  Statistical Information Staff, Population Division, U.S. Census Bureau (301-457-2422)
          pop@census.gov (please include a phone number with email correspondence)
  
Internet Release Date:  August 30, 2000

                                                                             Total                    
                           Total     Total     White     White     Total  American     Total     Total
                                     White  Hispanic      non-     Black  Indian &   Asian &  Hispanic
                                                      Hispanic              Alaska   Pacific          
Area                                                                        Native  Islander          
                                                                                                      
UNITED STATES          252153092 210974956  21340765 189634191  31137260   2111628   7929248  23390837
NORTHEAST               50957878  43383538   3093215  40290323   5985717    134244   1454379   3882522
   NEW ENGLAND          13200917  12232056    494227  11737829    682244     34437    252180    589595
   MIDDLE ATLANTIC      37756961  31151482   2598988  28552494   5303473     99807   1202199   3292927
MIDWEST                 60217499  53184228   1652625  51531603   5852573    353690    827008   1798817
   EAST NORTH CENTRAL   42419415  36711598   1379863  35331735   4932014    159256    616547   1493779
   WEST NORTH CENTRAL   17798084  16472630    272762  16199868    920559    194434    210461    305038
SOUTH                   86892174  68800894   6724042  62076852  16270382    587397   1233501   7096508
   SOUTH ATLANTIC       44430356  34341554   2065214  32276340   9215012    181025    692765   2258130
   EAST SOUTH CENTRAL   15343827  12188428     81211  12107217   3024434     41215     89750     99283
   WEST SOUTH CENTRAL   27117991  22270912   4577617  17693295   4030936    365157    450986   4739095
WEST                    54085541  45606296   9870883  35735413   3028588   1036297   4414360  10612990
   MOUNTAIN             14038554  12869562   1978153  10891409    407379    518186    243427   2087965
   PACIFIC              40046987  32736734   7892730  24844004   2621209    518111   4170933   8525025
ALABAMA                  4091025   3014636     20737   2993899   1036750     16569     23070     25322
ALASKA                    569273    435878     14548    421330     23110     88864     21421     18648
ARIZONA                  3762394   3356921    681538   2675383    121364    220996     63113    725449
ARKANSAS                 2370666   1965824     18730   1947094    378760     12971     13111     21525
CALIFORNIA              30414114  24630897   7531428  17099469   2359892    291664   3131661   8069180
COLORADO                 3367567   3129358    417628   2711730    141559     31707     64943    440556
CONNECTICUT              3288640   2937931    196640   2741291    287404      7124     56181    221531
DELAWARE                  680495    550267     14079    536188    118043      2132     10053     16882
DISTRICT OF COLUMBIA      593239    185469     25464    160005    392824      1561     13385     33181
FLORIDA                 13289497  11224094   1568571   9655523   1852830     40268    172305   1662857
GEORGIA                  6621279   4716410    100280   4616130   1806737     13984     84148    118643
HAWAII                   1131412    385461     34327    351134     29692      5670    710589     84435
IDAHO                    1038915   1009541     53239    956302      4119     15059     10196     57050
ILLINOIS                11535973   9471830    882135   8589695   1730834     24743    308566    939276
INDIANA                  5602062   5106922     93997   5012925    441985     13233     39922    102001
IOWA                     2791227   2705954     32991   2672963     49815      7889     27569     35915
KANSAS                   2495209   2291763     88990   2202773    146214     23170     34062     97906
KENTUCKY                 3714686   3423485     19164   3404321    266415      5686     19100     22488
LOUISIANA                4240950   2862901     83912   2778989   1315102     18876     44071     97527
MAINE                    1235439   1217044      6366   1210678      5348      6011      7036      6983
MARYLAND                 4856176   3459693    109908   3349785   1231657     13657    151169    133747
MASSACHUSETTS            5998652   5492564    239017   5253547    336601     13251    156236    297505
MICHIGAN                 9395022   7902137    186615   7715522   1321973     58422    112490    210165
MINNESOTA                4427429   4191451     48675   4142776    100083     52073     83822     56768
MISSISSIPPI              2591230   1642772     11965   1630807    926370      8552     13536     16348
MISSOURI                 5157770   4534905     56444   4478461    558484     20136     44245     63364
MONTANA                   807837    751469     10495    740974      2514     49383      4471     12532
NEBRASKA                 1590805   1505607     37246   1468361     58827     12913     13458     40380
NEVADA                   1285046   1130279    128109   1002170     87519     22722     44526    140037
NEW HAMPSHIRE            1107055   1088599     10603   1077996      6701      2115      9640     11535
NEW JERSEY               7784269   6376293    678353   5697940   1094386     16634    296956    779576
NEW MEXICO               1547115   1354860    578396    776464     33733    142114     16408    596176
NEW YORK                18029532  14114866   1717674  12397192   3090926     67558    756182   2270811
NORTH CAROLINA           6748135   5115345     66803   5048542   1493216     82263     57311     82210
NORTH DAKOTA              634199    600249      4316    595933      3651     26426      3873      5115
OHIO                    10933683   9632122    129079   9503043   1182428     21182     97951    144603
OKLAHOMA                 3166471   2633401     72003   2561398    239498    258098     35474     89680
OREGON                   2918745   2752109    111233   2640876     49504     41653     75479    121561
PENNSYLVANIA            11943160  10660323    202961  10457362   1118161     15615    149061    242540
RHODE ISLAND             1003990    935825     38024    897801     44160      4323     19682     48222
SOUTH CAROLINA           3559470   2462217     25619   2436598   1064845      8428     23980     32601
SOUTH DAKOTA              701445    642701      4100    638601      3485     51827      3432      5590
TENNESSEE                4946886   4107535     29345   4078190    794899     10408     34044     35125
TEXAS                   17339904  14808786   4402972  10405814   2097576     75212    358330   4530363
UTAH                     1771941   1696268     83883   1612385     12811     26169     36693     89675
VERMONT                   567141    560093      3577    556516      2030      1613      3405      3819
VIRGINIA                 6283853   4896671    146707   4749964   1198496     16137    172549    169481
WASHINGTON               5013443   4532389    201194   4331195    159011     90260    231783    231201
WEST VIRGINIA            1798212   1731388      7783   1723605     56364      2595      7865      8528
WISCONSIN                4952675   4598587     88037   4510550    254794     41676     57618     97734
WYOMING                   457739    440866     24865    416001      3760     10036      3077     26490
 
 
Note:  Hispanics can be of any race.
  
An explanation of the race and Hispanic origin categories used in this table can be found at
www.census.gov/population/estimates/rho.txt
