(ST-99-22)  Population of States by Race and Hispanic Origin:  April 1, 1990
  
Source:  Population Estimates Program, Population Division, U.S. Census Bureau, Washington, DC  20233
Contact:  Statistical Information Staff, Population Division, U.S. Census Bureau (301-457-2422)
          pop@census.gov (please include a phone number with email correspondence)
  
Internet Release Date:  August 30, 2000

                                                                             Total                    
                           Total     Total     White     White     Total  American     Total     Total
                                     White  Hispanic      non-     Black  Indian &   Asian &  Hispanic
                                                      Hispanic              Alaska   Pacific          
Area                                                                        Native  Islander          
                                                                                                      
UNITED STATES          248790938 208740944  20425646 188315298  30516940   2066541   7466513  22378541
NORTHEAST               50828313  43419787   2997887  40421900   5914687    131661   1362178   3762221
   NEW ENGLAND          13206943  12269447    477483  11791964    667385     34050    236061    568255
   MIDDLE ATLANTIC      37621370  31150340   2520404  28629936   5247302     97611   1126117   3193966
MIDWEST                 59669320  52789910   1588347  51201563   5750440    348330    780640   1726548
   EAST NORTH CENTRAL   42009114  36423251   1329749  35093502   4846670    156331    582862   1437762
   WEST NORTH CENTRAL   17660206  16366659    258598  16108061    903770    191999    197778    288786
SOUTH                   85455806  67825490   6422673  61402817  15907296    577971   1145049   6767199
   SOUTH ATLANTIC       43571473  33793249   1953024  31840225   8963508    175006    639710   2132846
   EAST SOUTH CENTRAL   15179959  12071426     77404  11994022   2982248     41140     85145     95374
   WEST SOUTH CENTRAL   26704374  21960815   4392245  17568570   3961540    361825    420194   4538979
WEST                    52837499  44705757   9416739  35289018   2944517   1008579   4178646  10122573
   MOUNTAIN             13658794  12546659   1891868  10654791    384216    502465    225454   1991750
   PACIFIC              39178705  32159098   7524871  24634227   2560301    506114   3953192   8130823
ALABAMA                  4040389   2980474     20027   2960447   1021418     16575     21922     24629
ALASKA                    550043    420745     13716    407029     22833     86252     20213     17803
ARIZONA                  3665339   3277590    647833   2629757    114960    214427     58362    688355
ARKANSAS                 2350624   1950576     17248   1933328    374406     12981     12661     19876
CALIFORNIA              29811427  24263159   7191112  17072047   2309935    286611   2951722   7704348
COLORADO                 3294473   3065724    403065   2662659    135995     31104     61650    424309
CONNECTICUT              3287116   2946216    189348   2756868    282103      6990     51807    213116
DELAWARE                  666168    541497     13109    528388    113453      2072      9146     15824
DISTRICT OF COLUMBIA      606900    191321     24861    166460    402472      1551     11556     32713
FLORIDA                 12938071  10972071   1490430   9481641   1772424     37132    156444   1574148
GEORGIA                  6478149   4636435     91299   4545136   1751180     13715     76819    108933
HAWAII                   1108229    379248     30663    348585     27947      5470    695564     81396
IDAHO                    1006734    978667     49560    929107      3519     14940      9608     52927
ILLINOIS                11430602   9406601    850312   8556289   1707405     24175    292421    904449
INDIANA                  5544156   5058714     91271   4967443    434307     13050     38085     98789
IOWA                     2776831   2694983     30100   2664883     48417      7716     25715     32643
KANSAS                   2477588   2277045     85290   2191755    144741     23380     32422     93671
KENTUCKY                 3686892   3398835     18718   3380117    264171      5861     18025     22005
LOUISIANA                4221839   2858290     80049   2778241   1303323     18707     41519     93067
MAINE                    1227928   1210001      6247   1203754      5194      6022      6711      6829
MARYLAND                 4780753   3430055    101969   3328086   1196221     13206    141271    125093
MASSACHUSETTS            6016425   5529996    232014   5297982    327440     12959    146030    287561
MICHIGAN                 9295287   7833058    179166   7653892   1298365     57654    106210    201597
MINNESOTA                4375665   4149994     46178   4103816     96173     50921     78577     53888
MISSISSIPPI              2575475   1636362     11462   1624900    917454      8565     13094     15998
MISSOURI                 5116901   4505213     55066   4450147    549719     20211     41758     61698
MONTANA                   799065    744218     10182    734036      2424     48121      4302     12175
NEBRASKA                 1578417   1495071     34242   1460829     57862     12855     12629     36969
NEVADA                   1201675   1061303    114122    947181     79862     21071     39439    124408
NEW HAMPSHIRE            1109252   1090365     10452   1079913      7358      2153      9376     11333
NEW JERSEY               7747750   6377702    651613   5726089   1077119     15905    277024    747737
NEW MEXICO               1515069   1330645    563589    767056     31651    137625     15148    579227
NEW YORK                17990778  14150156   1674660  12475496   3065158     66337    709127   2213943
NORTH CAROLINA           6632448   5036958     61549   4975409   1461563     80825     53102     76745
NORTH DAKOTA              638800    605675      3944    601731      3567     26046      3512      4665
OHIO                    10847115   9574526    124902   9449624   1159796     20864     91929    139695
OKLAHOMA                 3145576   2617484     68814   2548670    235712    257794     34586     86162
OREGON                   2842337   2684559    103288   2581271     47017     40522     70239    112708
PENNSYLVANIA            11882842  10622482    194131  10428351   1105025     15369    139966    232286
RHODE ISLAND             1003464    937018     35984    901034     43317      4223     18906     45755
SOUTH CAROLINA           3486310   2413788     23542   2390246   1041514      8328     22680     30500
SOUTH DAKOTA              696004    638678      3778    634900      3291     50870      3165      5252
TENNESSEE                4877203   4055755     27197   4028558    779205     10139     32104     32742
TEXAS                   16986335  14534465   4226134  10308331   2048099     72343    331428   4339874
UTAH                     1722850   1651359     79281   1572078     12082     25385     34024     84597
VERMONT                   562758    555851      3438    552413      1973      1703      3231      3661
VIRGINIA                 6189197   4844011    138486   4705525   1168283     15708    161195    160403
WASHINGTON               4866669   4411387    186092   4225295    152569     87259    215454    214568
WEST VIRGINIA            1793477   1727113      7779   1719334     56398      2469      7497      8487
WISCONSIN                4891954   4550352     84098   4466254    246797     40588     54217     93232
WYOMING                   453589    437153     24236    412917      3723      9792      2921     25752
 
 
Note:  Hispanics can be of any race.
  
An explanation of the race and Hispanic origin categories used in this table can be found at
www.census.gov/population/estimates/rho.txt
